62140967
62148161
62154432
62162229
62171100
62175706
62182733
62184446
62187941
62190332
62192321
62193726
62197853
62200081
62209666
62213226
62223282
62225764
62226665
62227511
62230115
62236098
62236733
62238174
62240842
62241452
62243648
62244712
62252137
62253114
62254271
62257243
62268871
62269849
62272791
62278769
62279842
62280171
62284457
62288874
62295017
62298115
62300907
62301915
62307850
62309226
62315964
62317056
62320215
62321001
62321664
62326239
62328259
62329294
62334650
62336968
62338604
62352179
62353028
62354628
62355442
62357125
62363760
62365389
62369138
62370287
62372494
62378333
62386919
62389325
62395208
62396289
62403152
62407884
62418236
62425885
62427387
62430969
62439451
62441183
62444689
62447074
62447681
62451405
62452269
62455715
62459653
62460460
62466908
62473063
62473892
62484987
62486440
62487971
62488734
62494272
62496380
62497303
62499646
62507102
62512122
62520684
62522573
62527288
62528189
62530603
62533418
62538016
62542782
62546116
62548781
62551880
62568498
62573908
62582681
62592247
62592805
62598228
62599533
62605595
62606556
62607432
62608183
62608939
62614145
62615273
62620282
62628688
62633460
62636960
62638620
62641825
62642609
62652918
62661273
62663260
62664517
62666029
62668442
62670247
62675753
62687356
62691670
62694224
62702259
62703734
62708711
62709219
62714985
62718191
62722131
62727801
62732600
62739690
62746289
62746857
62749081
62749270
62762414
62763296
62772159
62775597
62776210
62777078
62784549
62787012
62796158
62799104
62804936
62820101
62821109
62823261
62830084
62831677
62836532
62840494
62848722
62857005
62858604
62863146
62864447
62869463
62876292
62877073
62881029
62886363
62891888
62899232
62901437
62905620
62911762
62914938
62917911
62922288
62923161
62930394
62941536
62942787
62944216
62949985
62952807
62959188
62971063
62980079
62981980
62983535
62996942
62999587
63003986
63006835
63012424
63013779
63015878
63017699
63019483
63021192
63021869
63031538
63032692
63040404
63041780
63044320
63045524
63048332
63055362
63067155
63069896
63072308
63086539
63090072
63090633
63094760
63098296
63101293
63104206
63113506
63118418
63121527
63122329
63123462
63130208
63135549
63137466
63139476
63143563
63149915
63154094
63158577
63159438
63160337
63165160
63166109
63169414
63170272
63176560
63179489
63180495
63181766
63183589
63184367
63185469
63186880
63188905
63189518
63196096
63196800
63204972
63205932
63210251
63212539
63215461
63226412
63227747
63231073
63233538
63236370
63238704
63240972
63251620
63256871
63258537
63260758
63263868
63267506
63275708
63278028
63279012
63283741
63288826
63299526
63303730
63307396
63318043
63325990
63329044
63329989
63331543
63338109
63338606
63342485
63344350
63346841
63347823
63350368
63355810
63357182
63358485
63372733
63373793
63388965
63390410
63397004
63397390
63404174
63406747
63413626
63416289
63424996
63426993
63432659
63434799
63436333
63442498
63455752
63464729
63471163
63473076
63478962
63480419
63483498
63485293
63485990
63487982
63497806
63499655
63504968
63506056
63515377
63526577
63536743
63537684
63539503
63542082
63544594
63548570
63553207
63556530
63558359
63560111
63564694
63565491
63567192
63567474
63577684
63577929
63578521
63581198
63586679
63590484
63599207
63607991
63615542
63616883
63622265
63624500
63627684
63629205
63630644
63631559
63632222
63633188
63638895
63647667
63650448
63650958
63656959
63665486
63667846
63690959
63700232
63701750
63703545
63713808
63719684
63723015
63724191
63732797
63733927
63736294
63742021
63744199
63745333
63746944
63756056
63760841
63765148
63768292
63773525
63778376
63783804
63796859
63800295
63802629
63807198
63811776
63815201
63818054
63824821
63830386
63837272
63839513
63865885
63870501
63874882
63875368
63878077
63881082
63886846
63888002
63889560
63891268
63896233
63898615
63900103
63900582
63905385
63906450
63909121
63921378
63929197
63938768
63946835
63954835
63963779
63965204
63967777
63968311
63978411
63979542
63981594
63982214
63988912
63993403
63994365
64006757
64011062
64013347
64014595
64019438
64027603
64033073
64035997
64048113
64051168
64059667
64063217
64067416
64076476
64078399
64080106
64081736
64085535
64093812
64106080
64111994
64114780
64125442
64127093
64130525
64133791
64140767
64141745
64143847
64152775
64154870
64157162
64164095
64164814
64169085
64179066
64184004
64190048
64193500
64197733
64200167
64201445
64202827
64204959
64209995
64212562
64219220
64225108
64229823
64230972
64232294
64233745
64239074
64242657
64254631
64256190
64256965
64259999
64261829
64273721
64276306
64278500
64294456
64297824
64300465
64306669
64316366
64318969
64320893
64324473
64326075
64333017
64339208
64340583
64342422
64346265
64350328
64351092
64352592
64355055
64356777
64363891
64372012
64373860
64377743
64384570
64386226
64393106
64395358
64396282
64396963
64405119
64408517
64411836
64417436
64418196
64419280
64419980
64427462
64434813
64438539
64439747
64440513
64449402
64460975
64468469
64469515
64472142
64476451
64477388
64485921
64489015
64490614
64493282
64495252
64498474
64502018
64507000
64508652
64511154
64512208
64513149
64516284
64525630
64526667
64532633
64534594
64547786
64553722
64563713
64565819
64569053
64583742
64593296
64602312
64604597
64606572
64607361
64618779
64620328
64623858
64635635
64643865
64646299
64647040
64648812
64654190
64658511
64660481
64665312
64669245
64670708
64677604
64678379
64679591
64685643
64687785
64688430
64699747
64700662
64701522
64703552
64711530
64712625
64714319
64716175
64722339
64723806
64725497
64732252
64735266
64737404
64740193
64742177
64745660
64755450
64759963
64767127
64767917
64771803
64773281
64787557
64797424
64799952
64800239
64805357
64810953
64812542
64814625
64815263
64823250
64825947
64826345
64827402
64831435
64837286
64839286
64845394
64849592
64852579
64853374
64854765
64859844
64871702
64880700
64881428
64886893
64889396
64892393
64904396
64907378
64910574
64916345
64921471
64924261
64929682
64932307
64936752
64941317
64942808
64956612
64967560
64970939
64977548
64979940
64983725
64992131
64994507
64999006
65001454
65004466
65006934
65023060
65024671
65027596
65031207
65031814
65033558
65034529
65040984
65044359
65045940
65052020
65055554
65059292
65064117
65067084
65068896
65069703
65070359
65071775
65074923
65075339
65077761
65080491
65081748
65085563
65093010
65094044
65096313
65099927
65101505
65116292
65120003
65122924
65125182
65127368
65129006
65130964
65131215
65146172
65154736
65157407
65159543
65161219
65184078
65184942
65189216
65197136
65198857
65199764
65202738
65204621
65208438
65212071
65225296
65227394
65229830
65235450
65243378
65246894
65254348
65260138
65263350
65266025
65269149
65275229
65278030
65281375
65286483
65287645
65291418
65300226
65301580
65303306
65304666
65310100
65312178
65315182
65317851
65322994
65327613
65333564
65339990
65348359
65351467
65360035
65366146
65369236
65384809
65393377
65400643
65402138
65402967
65406981
65408747
65416593
65418876
65420308
65420952
65425844
65429393
65435318
65438854
65450905
65452011
65453559
65460286
65462879
65465349
65470783
65489492
65493025
65495233
65496354
65502582
65506742
65508168
65518664
65519688
65522268
65522599
65524535
65525722
65537099
65537987
65539578
65540431
65541720
65550662
65570139
65575397
65581079
65581990
65592938
65601741
65604214
65607484
65610906
65618359
65619641
65620024
65623234
65625182
65629493
65633326
65634051
65635699
65638498
65643968
65645013
65655744
65657971
65662786
65666160
65667726
65668885
65669806
65671790
65673211
65676428
65678776
65680917
65686702
65690951
65693593
65697064
65700531
65704427
65709605
65713233
65717467
65722099
65726568
65740269
65742644
65746787
65749697
65750060
65758956
65759639
65761794
65763765
65769113
65773038
65775517
65781049
65781504
65790856
65796375
65804303
65811897
65816909
65827993
65836084
65846911
65858402
65865766
65868311
65870715
65879458
65893194
65894148
65894446
65895552
65900642
65905881
65906648
65916316
65917268
65919708
65920732
65921495
65924766
65926499
65932468
65934344
65935182
65936299
65938868
65941102
65950051
65956769
65961301
65961994
65982385
65988064
65988914
65991970
65994426
65999666
66000865
66005846
66006356
66008280
66011447
66013380
66015538
66016983
66030886
66032108
66039716
66041703
66043918
66046372
66058414
66062593
66073435
66077090
66081514
66090789
66093051
66096884
66099657
66100812
66103322
66105629
66113100
66119805
66127853
66128480
66133345
66136196
66146909
66149140
66152325
66160303
66168545
66171442
66173374
66176380
66184900
66186353
66203358
66207052
66209549
66216146
66218193
66218984
66223437
66230070
66241156
66244646
66245831
66246689
66254912
66270608
66272483
66274463
66279703
66282564
66285209
66289701
66290522
66294643
66306613
66307404
66313308
66325224
66327436
66329865
66343470
66351655
66353812
66358811
66367331
66367763
66371184
66379621
66381311
66385117
66388502
66393004
66400089
66409307
66416031
66420604
66426095
66426989
66427334
66432221
66437477
66438702
66460278
66461722
66466103
66469654
66478462
66480239
66485191
66486679
66488145
66489863
66491365
66493891
66494516
66495524
66497475
66498851
66499384
66506005
66513493
66522009
66524934
66528415
66535384
66536429
66538242
66540545
66546981
66547990
66551725
66565993
66567367
66593693
66610666
66613497
66618457
66620007
66621555
66622902
66626182
66633043
66654369
66655220
66660687
66662916
66666901
66669140
66679528
66689314
66690719
66697271
66702595
66714696
66715933
66719117
66721950
66723720
66726941
66731241
66740693
66742008
66743195
66747561
66749125
66757233
66761134
66764859
66774076
66774702
66778521
66781283
66782206
66792317
66797512
66801563
66807831
66822662
66823758
66827451
66828882
66830461
66836335
66842372
66850352
66857257
66858694
66861531
66864961
66867445
66869596
66875225
66878145
66878938
66887402
66889163
66893836
66894442
66900053
66912704
66916931
66919648
66922162
66922755
66924195
66926388
66931054
66939173
66943100
66944406
66945842
66955884
66962369
66964105
66966913
66967305
66969999
66971397
66971742
66973979
66974531
66987479
66993163
66993926
67007487
67011427
67015368
67026269
67027095
67030291
67049289
67051496
67056480
67057700
67060219
67061353
67064455
67073315
67074381
67080338
67083610
67085883
67091839
67093676
67096721
67105738
67106498
67115251
67121117
67130990
67131850
67134855
67136293
67144436
67148152
67149005
67154663
67158069
67160069
67164458
67175464
67180767
67181620
67186181
67192315
67194837
67195907
67197125
67200533
67207463
67208968
67210893
67220342
67222842
67232899
67234164
67245031
67246867
67262288
67267216
67268060
67272922
67273719
67274472
67275286
67285415
67294152
67296531
67298524
67308771
67310186
67314526
67321846
67330815
67332819
67335287
67338306
67342605
67345316
67349503
67352670
67356624
67359254
67361738
67364562
67368631
67376679
67392332
67394442
67398242
67402537
67404627
67406869
67408018
67410135
67411091
67414069
67414703
67422193
67434616
67438433
67442278
67443265
67449269
67453667
67467610
67470610
67472187
67475559
67486509
67488295
67490788
67491751
67503600
67503956
67508066
67510613
67511495
67520578
67529053
67534379
67535284
67535451
67541210
67550084
67554408
67556394
67566270
67567320
67571193
67573026
67576768
67587821
67591311
67597693
67598892
67600707
67603471
67605929
67609836
67612918
67616514
67618993
67622601
67627398
67633126
67635566
67638194
67643775
67646002
67648312
67649605
67659410
67660636
67661727
67667842
67671814
67679088
67683861
67689368
67689700
67694272
67696786
67699267
67702203
67710929
67713736
67715557
67716673
67717274
67737626
67738819
67740779
67744613
67753112
67755821
67758813
67760749
67764226
67768675
67769349
67770943
67774258
67782026
67786926
67789043
67791140
67792884
67794561
67797881
67800078
67808218
67813267
67816823
67823364
67829355
67832517
67845293
67858582
67861474
67875668
67876801
67879442
67884991
67887187
67890303
67893322
67894131
67899496
67900339
67903885
67912844
67915985
67917342
67921778
67925941
67929387
67930768
67938608
67944639
67950060
67958948
67962963
67969565
67977916
67991159
67994085
67997470
68007575
68009248
68009517
68013632
68016541
68017544
68018675
68020766
68022193
68024138
68027912
68031959
68034597
68038731
68039845
68046321
68047144
68051814
68054896
68056785
68070054
68074439
68079030
68080709
68082355
68089778
68097699
68117811
68118634
68124236
68125089
68130383
68133002
68134122
68135369
68139953
68140931
68142666
68147851
68153557
68155495
68157032
68160903
68164249
68167985
68169402
68178991
68190003
68201427
68201725
68202758
68206509
68208222
68209698
68212865
68225244
68232265
68243847
68245499
68250705
68254163
68257514
68261720
68263592
68267107
68273774
68275609
68280272
68288191
68289901
68293063
68294982
68300987
68304166
68310199
68311879
68317584
68318894
68319949
68324662
68334205
68343907
68360703
68365990
68366924
68369619
68380214
68381392
68384472
68389039
68390166
68390763
68395487
68398024
68413634
68419454
68420757
68431581
68433699
68435670
68436655
68438972
68443869
68445257
68451856
68457409
68462409
68465656
68481377
68490843
68494697
68496953
68500190
68502935
68503524
68509314
68514847
68515822
68521111
68522148
68525632
68526423
68533619
68534400
68551520
68557357
68559292
68561986
68562653
68565789
68567175
68567587
68568842
68580630
68584079
68587647
68594104
68594950
68597507
68605399
68607635
68611552
68612579
68617901
68619051
68622415
68624312
68625932
68628579
68629294
68632270
68636045
68657890
68667891
68669643
68671235
68671854
68675489
68688851
68691806
68693873
68697832
68702613
68704998
68710051
68713754
68718102
68719262
68719896
68720788
68726837
68727589
68732001
68733031
68738236
68744308
68748052
68751123
68752892
68762684
68771259
68772264
68774864
68776321
68788363
68791415
68795988
68805883
68808997
68812346
68815711
68816917
68817770
68825036
68825358
68826634
68830597
68834207
68838204
68842633
68843831
68848105
68851639
68855132
68857201
68858901
68863559
68865221
68869983
68877750
68878405
68881816
68893891
68895211
68896174
68901058
68907297
68909481
68911283
68919198
68927629
68935505
68940134
68948113
68951051
68954079
68958923
68965362
68966123
68966686
68972175
68988462
68993612
68995443
68996901
69009850
69013222
69018840
69019607
69021920
69023676
69029255
69031091
69034888
69036522
69042690
69046995
69048978
69051636
69058343
69059886
69064193
69069052
69070305
69074173
69077183
69078586
69079959
69080995
69081576
69089895
69094673
69097369
69098597
69101600
69102905
69108573
69110049
69111727
69114646
69128420
69130782
69151476
69156369
69159793
69161308
69163010
69169215
69172321
69174805
69176587
69181441
69194060
69197559
69204897
69205915
69208692
69209647
69211068
69214231
69217239
69227385
69229853
69232189
69232559
69234154
69234789
69236341
69238876
69248009
69254321
69269525
69273656
69275630
69278928
69282602
69289149
69289562
69295469
69296037
69297987
69300057
69302196
69314131
69319840
69327364
69346806
69353578
69355412
69357625
69364151
69366433
69372446
69379660
69382913
69384187
69400012
69404012
69411267
69412133
69413236
69416965
69425854
69429966
69436143
69447328
69450558
69454253
69457508
69459644
69461421
69467302
69468453
69477590
69502456
69506002
69506600
69507143
69507787
69511190
69513210
69514085
69519924
69521634
69525642
69527355
69533184
69537273
69543583
69546403
69552370
69555718
69559750
69560662
69567828
69569585
69572389
69573416
69575200
69577129
69580558
69582968
69584698
69587066
69592695
69594898
69597894
69599741
69600946
69607214
69607975
69611539
69614536
69616882
69620000
69621728
69623600
69634886
69635639
69636782
69638604
69646094
69654118
69661931
69667132
69680158
69684770
69693879
69698557
69699649
69710166
69715072
69717191
69733909
69743473
69757276
69765504
69772893
69779692
69789828
69791627
69792648
69799118
69803175
69805215
69809062
69817616
69818449
69820578
69821350
69825178
69827763
69830008
69836338
69842418
69844332
69852272
69859315
69860988
69871013
69873955
69888907
69891384
69892527
69896426
69899886
69909985
69914658
69917663
69921651
69923665
69925258
69926554
69931602
69937327
69937759
69939093
69940423
69940838
69945528
69947039
69948592
69954059
69962120
69965606
69966686
69969489
69972482
69973209
69976879
69978728
69979996
70008691
70009830
70026434
70030247
70032830
70036347
70039984
70050944
70055517
70058729
70060052
70063627
70068765
70073120
70074264
70081135
70087217
70095226
70096416
70108350
70109603
70110940
70117686
70119927
70127190
70134637
70140523
70143506
70148726
70154594
70158700
70168204
70170487
70173237
70180051
70184008
70190227
70191150
70207843
70214868
70222996
70224727
70225343
70227263
70237902
70238674
70246611
70250969
70252577
70254663
70255986
70262234
70267895
70279207
70281697
70283197
70291506
70294452
70297755
70302941
70304651
70321468
70324273
70325074
70329494
70341243
70343278
70350027
70355350
70356833
70359867
70362657
70365411
70370265
70371161
70376201
70378933
70381457
70382410
70386185
70388419
70391415
70392960
70395933
70397667
70399420
70401180
70404613
70409614
70411335
70420954
70422271
70431705
70432024
70434207
70439856
70442117
70445049
70446696
70454499
70457787
70459408
70460577
70467324
70468847
70472960
70478208
70479843
70481614
70483778
70488967
70492830
70495964
70497100
70500302
70514026
70515799
70523271
70525026
70533023
70541996
70543592
70546263
70548367
70549002
70553223
70554214
70562029
70563095
70569714
70577909
70579901
70581470
70588723
70590717
70592144
70600390
70603821
70604597
70609680
70611837
70614328
70616858
70626398
70629528
70632229
70638518
70640283
70641841
70646471
70647944
70651493
70657377
70663929
70676365
70678106
70685389
70694326
70696822
70697468
70699021
70701851
70702489
70705104
70707611
70710593
70711986
70712871
70721350
70723688
70724918
70729002
70736196
70741113
70743445
70745135
70751663
70756985
70758131
70762091
70764327
70780074
70784140
70788979
70790777
70791932
70795275
70796807
70798248
70800682
70803077
70813626
70814688
70816590
70818713
70838811
70841167
70842457
70843477
70850583
70856763
70858678
70860012
70861780
70866486
70869504
70870340
70875317
70877429
70878020
70883297
70895422
70900932
70912177
70913917
70921956
70922867
70929394
70930026
70940154
70954253
70956697
70963152
70963859
70965931
70968166
70973326
70981471
70982322
70985977
70991274
70994687
70996244
70999841
71003476
71004172
71008132
71008807
71012942
71018575
71019450
71020509
71022493
71025253
71026920
71035898
71045191
71054002
71058409
71060761
71068201
71072637
71073708
71074296
71076699
71082531
71084083
71094905
71102544
71104799
71108608
71120558
71123396
71124403
71128337
71130505
71132979
71136186
71139723
71141450
71142339
71143079
71150469
71157401
71160227
71160927
71163963
71168417
71175019
71175972
71178185
71181559
71183234
71195332
71196851
71199828
71200453
71202124
71202525
71205508
71206251
71207112
71207829
71208800
71208889
71221064
71222580
71223294
71224907
71234806
71236957
71239588
71240324
71246366
71248724
71251575
71255821
71257047
71259993
71265596
71267253
71271769
71276855
71280440
71282343
71288917
71289900
71295458
71299512
71300258
71301667
71303141
71304862
71306773
71312034
71313165
71323087
71324735
71327203
71332158
71334579
71337923
71342412
71345457
71353335
71357752
71362603
71369877
71372893
71374914
71375656
71382290
71383839
71386270
71388804
71390026
71391501
71392202
71394368
71395332
71397111
71398125
71400722
71408066
71409622
71424101
71425107
71429549
71430636
71433034
71435582
71442416
71446555
71447076
71451457
71459422
71461405
71471586
71480138
71483262
71486618
71493332
71496887
71499973
71503129
71504089
71509355
71510581
71512056
71517173
71518704
71545019
71547552
71549754
71550104
71551073
71555293
71560481
71562797
71567960
71574356
71580302
71584791
71586992
71592128
71594246
71596168
71597581
71603030
71604955
71610608
71613502
71617353
71619467
71621220
71625963
71635081
71643740
71647358
71654630
71658583
71661262
71665837
71666407
71667917
71679051
71680386
71681201
71690279
71704669
71706641
71713030
71713395
71722876
71729181
71736551
71740406
71749897
71756207
71759310
71762395
71765035
71767104
71771492
71775531
71777149
71778461
71779354
71782052
71787124
71788914
71793719
71796965
71798479
71800113
71806534
71814599
71816526
71819622
71821798
71826169
71828420
71833501
71836785
71843178
71844308
71849073
71852152
71853140
71854682
71856585
71860381
71865864
71868968
71876840
71881168
71884190
71885398
71886445
71888780
71891308
71892529
71900886
71902872
71907543
71908632
71910947
71916415
71920128
71921961
71924789
71932627
71934418
71938382
71941991
71944915
71947386
71949601
71960715
71962808
71964564
71968836
71969726
71975360
71984120
71991874
71993410
71995547
71996460
71999262
72003746
72004524
72005545
72017851
72018558
72019474
72020566
72028138
72032421
72033096
72036103
72038797
72040193
72043098
72046471
72049487
72053448
72055869
72061511
72063029
72067622
72068355
72083991
72090751
72093324
72097278
72099118
72103927
72104513
72105208
72106181
72108773
72109950
72111651
72113052
72115870
72121876
72123913
72127950
72133121
72133772
72142763
72147264
72150815
72152192
72153581
72155537
72156899
72161230
72165460
72165748
72168018
72168821
72173152
72178678
72179450
72180747
72182092
72186137
72190810
72193783
72210929
72230844
72234134
72242238
72244273
72253800
72260708
72261461
72267630
72272703
72274804
72287772
72294700
72299970
72306325
72307021
72325610
72331742
72342395
72343885
72351442
72356299
72357790
72358363
72361591
72370128
72375558
72378622
72380674
72381474
72384581
72392095
72394825
72397484
72398102
72399019
72406705
72414193
72416773
72422519
72424324
72425541
72436857
72440026
72443799
72444734
72460663
72467949
72469285
72471314
72476884
72479016
72480053
72483046
72484803
72486586
72492065
72494727
72500480
72504424
72505137
72507717
72510432
72521982
72536464
72539066
72540455
72544311
72547673
72549749
72558414
72562085
72566047
72568737
72574574
72584769
72592735
72601979
72612954
72619623
72624877
72626557
72630783
72632396
72635154
72636847
72640350
72641433
72646542
72648699
72651578
72652881
72654473
72661735
72665386
72665866
72673037
72676213
72678616
72679423
72684798
72693292
72696330
72696986
72702300
72705631
72712611
72714286
72714788
72720834
72731108
72747088
72751822
72754360
72755052
72756267
72756808
72757732
72759048
72764932
72765639
72766749
72770311
72782541
72783974
72788094
72803367
72808069
72810604
72818835
72819913
72824238
72828843
72852500
72862590
72871685
72877420
72880868
72887081
72888759
72894481
72904515
72908949
72914632
72915646
72916554
72917058
72923088
72925132
72933346
72934623
72936565
72938277
72941200
72942658
72944245
72945939
72953556
72954165
72959295
72974703
72976713
72977477
72980328
72982674
72984892
72989211
73004422
73005372
73006549
73009539
73022014
73023149
73025576
73027026
73030234
73032420
73033407
73034760
73044927
73055919
73060072
73065140
73074732
73079556
73098172
73103041
73105169
73115548
73119936
73139602
73142060
73142762
73146415
73151545
73158246
73162839
73163553
73165833
73166607
73168019
73169430
73171527
73185351
73188442
73190456
73196978
73197912
73202586
73206422
73207064
73210698
73213436
73223283
73223782
73224888
73226397
73229117
73232600
73234021
73235032
73241684
73243774
73245593
73246023
73247940
73251498
73253585
73254410
73255020
73257153
73258132
73259319
73260475
73263322
73267930
73272615
73286278
73286963
73295274
73299039
73301960
73304899
73312233
73315665
73317318
73318257
73319716
73323918
73325026
73326137
73328534
73329862
73333256
73334484
73344028
73346337
73347811
73351442
73352619
73353220
73363816
73370266
73371620
73375093
73379034
73380883
73389741
73406734
73412116
73418023
73419290
73424904
73429183
73430070
73432301
73433658
73434712
73437180
73447191
73458963
73459683
73467723
73468778
73469633
73470239
73473575
73474212
73475660
73478224
73487136
73497257
73500061
73509387
73514765
73519115
73531180
73537427
73538858
73541902
73542972
73544490
73546413
73550173
73551893
73553268
73554031
73555766
73567790
73568251
73570692
73575683
73576343
73577922
73579709
73580704
73587005
73587813
73595654
73598364
73603384
73605794
73612926
73614930
73619073
73622691
73627170
73628480
73635793
73637077
73649347
73651987
73654400
73657486
73667663
73668624
73669960
73670438
73689270
73689552
73696553
73697284
73706951
73708023
73718175
73723178
73724045
73727363
73728521
73730087
73734071
73742750
73745715
73746833
73748642
73750546
73753825
73760424
73762400
73766023
73768386
73781755
73782281
73784378
73786533
73787917
73790829
73792075
73794992
73796387
73801251
73817277
73818831
73822269
73828234
73835380
73843633
73846667
73853001
73857004
73858369
73859315
73873317
73874891
73878488
73879019
73881154
73881511
73883567
73894042
73900533
73904434
73921890
73929684
73933114
73936518
73958037
73960642
73969306
73980025
73981668
73988017
73991417
73999892
74004292
74006033
74006866
74007625
74011709
74017773
74018835
74022123
74023470
74029258
74032527
74037292
74038333
74040319
74044249
74046082
74050084
74053158
74054444
74063009
74072072
74077344
74082362
74084265
74087210
74090121
74091634
74098825
74099506
74103404
74106654
74111664
74117330
74118438
74125940
74126828
74129743
74131032
74132597
74133516
74139439
74141133
74146487
74153459
74157966
74159005
74164623
74168921
74176382
74182312
74183199
74185356
74190991
74193533
74194266
74201392
74202532
74205854
74206542
74209756
74214332
74221311
74222336
74225574
74228314
74232269
74233130
74235979
74239638
74243204
74246058
74250884
74253801
74260851
74262215
74262858
74264146
74277798
74284853
74292081
74293893
74294573
74301437
74307256
74313298
74315829
74319253
74324923
74327466
74332754
74342669
74351279
74354340
74355647
74356376
74360215
74362489
74366409
74371427
74376028
74379343
74383153
74396971
74398048
74404122
74405768
74407194
74413065
74413873
74415926
74420490
74428232
74447474
74448477
74452797
74455023
74455318
74456820
74466233
74468723
74470578
74476248
74484706
74490233
74490982
74494355
74496954
74501248
74504171
74505200
74508323
74509703
74510624
74512879
74518354
74523082
74525692
74527642
74537164
74539234
74540196
74545864
74548132
74549828
74551540
74554121
74561086
74563943
74575951
74592551
74600873
74606949
74609275
74610097
74611353
74611911
74618794
74621500
74625804
74629261
74633653
74637434
74647578
74650521
74656336
74671839
74680644
74687556
74699927
74702204
74706316
74709540
74716147
74720382
74722853
74725841
74735267
74736282
74737952
74743228
74751023
74753626
74759750
74761333
74762857
74769401
74773647
74778587
74786444
74802365
74803385
74826374
74831614
74832810
74835617
74840292
74846209
74850687
74852201
74855895
74865005
74875010
74876930
74878567
74888147
74889335
74894944
74895609
74904371
74906032
74908721
74910000
74911620
74918699
74924089
74926234
74927726
74939067
74941136
74949308
74951770
74955650
74956726
74965218
74968241
74976313
74980920
74982622
74986926
74987305
74993604
75005740
75007307
75012581
75023183
75027044
75027858
75032330
75035405
75041503
75045932
75048606
75050989
75058476
75062232
75065804
75070974
75072759
75073797
75076815
75085278
75086277
75091293
75096122
75097387
75098753
75101512
75105604
75108662
75111105
75114183
75117434
75118699
75119985
75121373
75123128
75127559
75128554
75139623
75151453
75158082
75159591
75162608
75172337
75179988
75190185
75191969
75196918
75204022
75207359
75211579
75213240
75221830
75230117
75233188
75238503
75240248
75242175
75243331
75256160
75259344
75267999
75273319
75278021
75294025
75298433
75301819
75304867
75308228
75311881
75322351
75333556
75336732
75339109
75346124
75351914
75355222
75357878
75365981
75374533
75376562
75383041
75386348
75391928
75401307
75403905
75408761
75409424
75411127
75415408
75417121
75422254
75429661
75438252
75453093
75455422
75457332
75459410
75460784
75463032
75469434
75479695
75481552
75482056
75487726
75489021
75491336
75503175
75504299
75509702
75510765
75515931
75523797
75526046
75527331
75530886
75546332
75548035
75558267
75560021
75562922
75563478
75565613
75566400
75568168
75569706
75571139
75574235
75575095
75577732
75578857
75584008
75592060
75608999
75612632
75614391
75615065
75615941
75617824
75618964
75623329
75624671
75625908
75631774
75633043
75635114
75636594
75639415
75645329
75646335
75650703
75655275
75660470
75663407
75664691
75682102
75692037
75693934
75696458
75700540
75703263
75711533
75713616
75715305
75719882
75722930
75724556
75726064
75730781
75734772
75736373
75743080
75744504
75752844
75759894
75761218
75764831
75769215
75771191
75779461
75784060
75787195
75789687
75792811
75811981
75815494
75818510
75820958
75823427
75839151
75842936
75843749
75853818
75860027
75862059
75864743
75865966
75866266
75871733
75872185
75874384
75875970
75879602
75881775
75888380
75889682
75898601
75907670
75911082
75912993
75930073
75935811
75937524
75941220
75943711
75944369
75947481
75954176
75955548
75956673
75963420
75965673
75966441
75970257
75970974
75974298
75975380
75976400
75980128
75983295
75985057
75986407
76003895
76004657
76007645
76014481
76016249
76018603
76020851
76023701
76033283
76035667
76046444
76049005
76056271
76061232
76062683
76063423
76068622
76069394
76070030
76071685
76078639
76079470
76080210
76082111
76086526
76087204
76089592
76090946
76095109
76096974
76100541
76110751
76116073
76128197
76133070
76136613
76137729
76146615
76152036
76155385
76157602
76158837
76161606
76167813
76169033
76190322
76198911
76201609
76204214
76208585
76217452
76224019
76230488
76231955
76237072
76241332
76247259
76250791
76254347
76255999
76257930
76259222
76270784
76274633
76275391
76278360
76284630
76293171
76294807
76296386
76302588
76306549
76307143
76309943
76310392
76313787
76316324
76318233
76320872
76322230
76331188
76337557
76338630
76353295
76356873
76361706
76365217
76366971
76369207
76378938
76386313
76388946
76389350
76397835
76402158
76404431
76406353
76409322
76418784
76423975
76425118
76426093
76426924
76429895
76433081
76441523
76459041
76461387
76461879
76463294
76463798
76470957
76482085
76489423
76490270
76502254
76505230
76508580
76512256
76514827
76516234
76517646
76518311
76524826
76528499
76540199
76548024
76553309
76554088
76554765
76556779
76574775
76579947
76584481
76584832
76588760
76595079
76597278
76606222
76606909
76610353
76611862
76614731
76616933
76620535
76628598
76629498
76635481
76636857
76648934
76650203
76662464
76669340
76670194
76680826
76681816
76682592
76685563
76686494
76687480
76689624
76695428
76695883
76702249
76710888
76713260
76719840
76722584
76723213
76725862
76729420
76729723
76734076
76735553
76736753
76738940
76741362
76749309
76754346
76754839
76763708
76767574
76770262
76771027
76776863
76783077
76784239
76788314
76792684
76794572
76796117
76800503
76804047
76812258
76816620
76820717
76821530
76823160
76824602
76828554
76833429
76835873
76836607
76837820
76839198
76841200
76850513
76855127
76858073
76861640
76868122
76870024
76871578
76872780
76876877
76877879
76884547
76887101
76887506
76891765
76893697
76898211
76901719
76902639
76906178
76912239
76915591
76917644
76918994
76920114
76929094
76932826
76936747
76943513
76948450
76953749
76956610
76960374
76963881
76968596
76970077
76973506
76981597
76983655
76984496
76986733
76988305
77001625
77002606
77003190
77003809
77005072
77007393
77010871
77012022
77016168
77017101
77017639
77025513
77026166
77031369
77034966
77045482
77054933
77056063
77059998
77060796
77062585
77063325
77064060
77064873
77067968
77070066
77072453
77074922
77077138
77081847
77082858
77084140
77087818
77094545
77097828
77098525
77099664
77109393
77110433
77114288
77123589
77129794
77134045
77138003
77138679
77140546
77142007
77147891
77151449
77153225
77155294
77158400
77161185
77165034
77167982
77171536
77172722
77176147
77177986
77183975
77187882
77188841
77191980
77194810
77199803
77205937
77207849
77211338
77220390
77225457
77228782
77232657
77233328
77246761
77248372
77250017
77252609
77255984
77256686
77262746
77264862
77269554
77277043
77294050
77314727
77317637
77318197
77330857
77331707
77335101
77337470
77342010
77348072
77367674
77382695
77385611
77385904
77389296
77390814
77400443
77405478
77408097
77408628
77413119
77419229
77420825
77424004
77428509
77434100
77437476
77445208
77446716
77448215
77452504
77455478
77456848
77459540
77463007
77466955
77479518
77489695
77494356
77512886
77513419
77519150
77523413
77524789
77529649
77533030
77539846
77541367
77542840
77544908
77545777
77552001
77556552
77564241
77570434
77571685
77575884
77577491
77579146
77582185
77582812
77586152
77587706
77590708
77594430
77599680
77605749
77608529
77612633
77616134
77619562
77632688
77634518
77640929
77643683
77645951
77646606
77651681
77655142
77658797
77660979
77662485
77664388
77668245
77670496
77671873
77673498
77677373
77681964
77689200
77692337
77695500
77703114
77705804
77709705
77720554
77724181
77725594
77732515
77738364
77739000
77754416
77759858
77761625
77764941
77767867
77771065
77776663
77779555
77782022
77785105
77792613
77804912
77815503
77822446
77823658
77824645
77828560
77833145
77843561
77847027
77849231
77849661
77854418
77855779
77861207
77864596
77869330
77871857
77881976
77883946
77894205
77905496
77910378
77913433
77915882
77918903
77921025
77931646
77936142
77938295
77938947
77945448
77947623
77949003
77952479
77954032
77959465
77964296
77971945
77977780
77979588
77986815
77991997
77995215
77997807
78005128
78007009
78013660
78017416
78018935
78020170
78021335
78024233
78027740
78034529
78041482
78044990
78054968
78075812
78096248
78096790
78097884
78113286
78121067
78123639
78125021
78132766
78133337
78133862
78135070
78136442
78138839
78143809
78150904
78158660
78179031
78186748
78191075
78197363
78198608
78202653
78203949
78206971
78208887
78209727
78214304
78220540
78231172
78233300
78238719
78251488
78253737
78257347
78259142
78259891
78270754
78284606
78286174
78290224
78291883
78294624
78296766
78297626
78303607
78306595
78311117
78314360
78318009
78321897
78324039
78326227
78327296
78337690
78344707
78359686
78361047
78362500
78364212
78373855
78386933
78387622
78388501
78391785
78392505
78392927
78397319
78407744
78413109
78414987
78416869
78419120
78423231
78425025
78436069
78440176
78444276
78447027
78450212
78453007
78455578
78456709
78461466
78463510
78472520
78476542
78479889
78483090
78487545
78489749
78490574
78492833
78494460
78502406
78506433
78520253
78521997
78522695
78523643
78527338
78531053
78535482
78537035
78539674
78540500
78541580
78545427
78547434
78555135
78558257
78561840
78569439
78578014
78585501
78586824
78588400
78593269
78595744
78598585
78601857
78602578
78605579
78611237
78612801
78614421
78619530
78622839
78627172
78630231
78638417
78640389
78642058
78644046
78646063
78650356
78651240
78655092
78656396
78667517
78675740
78684927
78685590
78688368
78689809
78692313
78693498
78694211
78702411
78703724
78704083
78710207
78710997
78712625
78715509
78717497
78722219
78724684
78728475
78729994
78735982
78738164
78744177
78747827
78752229
78753683
78754851
78757965
78759239
78761074
78761828
78772957
78774057
78776406
78780733
78782627
78783826
78788260
78790764
78792444
78795350
78800083
78801337
78803181
78806686
78810528
78821738
78826090
78827040
78828017
78836544
78837974
78840733
78844538
78850423
78851127
78854606
78856031
78860223
78862977
78863838
78870811
78880772
78882303
78885252
78885837
78893963
78904087
78922913
78928922
78930530
78933901
78937136
78938101
78952028
78952468
78960841
78963764
78967578
78968455
78970043
78973319
78974514
78976986
78983035
78988409
78992945
78994179
78996949
79000944
79003608
79005347
79006231
79009117
79011091
79011674
79013697
79014526
79017397
79021910
79025017
79033294
79035710
79038998
79045136
79048143
79059943
79061862
79064831
79065685
79070352
79075649
79081312
79091426
79092244
79093710
79094095
79097302
79102672
79107440
79117420
79123310
79130246
79133874
79146153
79147636
79151482
79153587
79156867
79157980
79163959
79166249
79167110
79168951
79172772
79174814
79179879
79184180
79187796
79188523
79189840
79198263
79201410
79202274
79204231
79209631
79210184
79213027
79218039
79222897
79227880
79228800
79229432
79232994
79241118
79245712
79248821
79250554
79252794
79264961
79268136
79270852
79272760
79275601
79278427
79290321
79294511
79301999
79303668
79306783
79313092
79317659
79324774
79327760
79328847
79332479
79337330
79338058
79339036
79340480
79342649
79347001
79351848
79352822
79356617
79367583
79381111
79383233
79384983
79386542
79398249
79399139
79401487
79402284
79404277
79407058
79412556
79413493
79414577
79422482
79424115
79426597
79427371
79430715
79435877
79438450
79445841
79452021
79460410
79463961
79465732
79469446
79476239
79478488
79479328
79481039
79484775
79487164
79490023
79498476
79503308
79504976
79510019
79513260
79518336
79519665
79524985
79526293
79528095
79529603
79530323
79533157
79536262
79545152
79549414
79550091
79553185
79557408
79563919
79570049
79580377
79583544
79592056
79594506
79596889
79600178
79605317
79610175
79611483
79614100
79618969
79619558
79624207
79627625
79630422
79633064
79634116
79646660
79650398
79657492
79662782
79666297
79668417
79673266
79675367
79677015
79677342
79683151
79686002
79689256
79690807
79694823
79699399
79705157
79712685
79715221
79721468
79723288
79729564
79731205
79733790
79751414
79752498
79763711
79766680
79768227
79768907
79774381
79779858
79780895
79782594
79786789
79789904
79800161
79801152
79809021
79814142
79815529
79817869
79823415
79828963
79831479
79832683
79833076
79845228
79848369
79850988
79852513
79856407
79856883
79858184
79861042
79870553
79872906
79874716
79877364
79880323
79883519
79888519
79901195
79901878
79903179
79907421
79908959
79909891
79913796
79916445
79919048
79934838
79936616
79939851
79940652
79949449
79951001
79952635
79953897
79957194
79965795
79967265
79969808
79974942
79980139
79981923
79984236
79988234
79990930
79994139
79998384
79999143
80001259
80004650
80006252
80009857
80015889
80017187
80025339
80027624
80029101
80031114
80035357
80048385
80052813
80053803
80062882
80067806
80077600
80078544
80083505
80094431
80096527
80097522
80100384
80102301
80107880
80110059
80116555
80118212
80123391
80125083
80134994
80137420
80143178
80147710
80152515
80158560
80160404
80161096
80176852
80187307
80189601
80195932
80201309
80214095
80215336
80229179
80244566
80247090
80250531
80253199
80264490
80267947
80273223
80273576
80274558
80281849
80282125
80282995
80289795
80292062
80294512
80295406
80300506
80304537
80305589
80308656
80311607
80314479
80315074
80317652
80319327
80323821
80335293
80339562
80341176
80346211
80348420
80349336
80355238
80358722
80359491
80364430
80365928
80379929
80384226
80390324
80394094
80395186
80395957
80397585
80402589
80406626
80408315
80409274
80412672
80414265
80414921
80436178
80441832
80443744
80451659
80455811
80471867
80473601
80488369
80497595
80505477
80507997
80509248
80510897
80513730
80515070
80516058
80518738
80520426
80523503
80525432
80529985
80532312
80536904
80542618
80549195
80551861
80557177
80558600
80561366
80565585
80567716
80568536
80570129
80578372
80584788
80587382
80589774
80590544
80592948
80596592
80600721
80607651
80612480
80618875
80621258
80622961
80628475
80633750
80635696
80636982
80640992
80655106
80660673
80674912
80681816
80686687
80694802
80696671
80699424
80707878
80710942
80712313
80713305
80713826
80718909
80720236
80721007
80722249
80722848
80725045
80730280
80732566
80733896
80761282
80762009
80766192
80773351
80777308
80783393
80784922
80788688
80803253
80808512
80811871
80818760
80824136
80829363
80835859
80849582
80852477
80857875
80860098
80865495
80868619
80870031
80874476
80875912
80878138
80880505
80881936
80882934
80898137
80909743
80910164
80919973
80934400
80942708
80944756
80948499
80949363
80950971
80958768
80963079
80967129
80980949
80989330
80991585
80992298
80997165
80999423
81000625
81007851
81022516
81026572
81028535
81033690
81042677
81044944
81055893
81058503
81061256
81062108
81064358
81064981
81067124
81069476
81075524
81078356
81082946
81085904
81087302
81090940
81095085
81096758
81097854
81100091
81103422
81104626
81107659
81109256
81109964
81116832
81120876
81132323
81134645
81138885
81141597
81143461
81145091
81153919
81155787
81161769
81166629
81170011
81170836
81179285
81189245
81192633
81194891
81202473
81205524
81209171
81212669
81220473
81225712
81229603
81232814
81240468
81243635
81245486
81247812
81249881
81253565
81255349
81259239
81259872
81263827
81267934
81269179
81270130
81272089
81276256
81281328
81282160
81285628
81289367
81293988
81295918
81300372
81303502
81307126
81309723
81314318
81317002
81319959
81321118
81321842
81325395
81331841
81346860
81349207
81351278
81354505
81355412
81360200
81361885
81362987
81367704
81370141
81377055
81379442
81387254
81388010
81389682
81392103
81397632
81398688
81407090
81407706
81411028
81415450
81423779
81430535
81432826
81434468
81435355
81441139
81444699
81454293
81457326
81458784
81477611
81479293
81480685
81481864
81492391
81494828
81496449
81499482
81500838
81502214
81511639
81512627
81525118
81525555
81536087
81536534
81540173
81542225
81546970
81548688
81551275
81562712
81563490
81584423
81586492
81589424
81592817
81600149
81602685
81604997
81612444
81615931
81620437
81622612
81624414
81628601
81633073
81637757
81640881
81642199
81645100
81653016
81655042
81656497
81669766
81673837
81678632
81679126
81687558
81703578
81710665
81713670
81717395
81720185
81723491
81732219
81732890
81735760
81736375
81741805
81742710
81745106
81761801
81766786
81774777
81779526
81781017
81782001
81783777
81788910
81791765
81797019
81799776
81800716
81803714
81804798
81807727
81815286
81819535
81823869
81825486
81826352
81827228
81832480
81835559
81848150
81853260
81855549
81859255
81866443
81869063
81871979
81873389
81877580
81878956
81886437
81889679
81898274
81899556
81900107
81902233
81906177
81906822
81911878
81913094
81919941
81925911
81926451
81933562
81934811
81936525
81944744
81946907
81953237
81957100
81963458
81968288
81972924
81976805
81981305
81983762
81984996
81994525
82000549
82003829
82005918
82006390
82011120
82012160
82013611
82014825
82015735
82016374
82020160
82023686
82029068
82033724
82034914
82036044
82036546
82037372
82042578
82044515
82052154
82054521
82054851
82057733
82064413
82068689
82070012
82078442
82079783
82080628
82091339
82093671
82097899
82105330
82107022
82110474
82117162
82123796
82130356
82135348
82140597
82142295
82156416
82157232
82162032
82163690
82166550
82169463
82171355
82175955
82177281
82181024
82182611
82183183
82188954
82190310
82191517
82194091
82195002
82198036
82199645
82200460
82203416
82205932
82206901
82209828
82212128
82225905
82238169
82239198
82241925
82242257
82245990
82247724
82253566
82263370
82283616
82284597
82285353
82292672
82300375
82304417
82308420
82317187
82319170
82328456
82332785
82333990
82347897
82350847
82359991
82362264
82368983
82369951
82370687
82373987
82377835
82378756
82380022
82382416
82383895
82385725
82389754
82393723
82395348
82397481
82398312
82404224
82409049
82415497
82420417
82438483
82439846
82444014
82446233
82456357
82461121
82463500
82467163
82469598
82474616
82475889
82477368
82478615
82482129
82496964
82498471
82499480
82508158
82511097
82512895
82513382
82515356
82521095
82521945
82524527
82525498
82528198
82528946
82530080
82531594
82533291
82539834
82552268
82555890
82558741
82560379
82561673
82567459
82569595
82576228
82577261
82581180
82583574
82592897
82593660
82594622
82599929
82607550
82610009
82610317
82610829
82614271
82621945
82622624
82623346
82624615
82625267
82639354
82651423
82655551
82658050
82661136
82661952
82663706
82668796
82669721
82693117
82694047
82704021
82704866
82707598
82717186
82717503
82724136
82725158
82726200
82727932
82736642
82747696
82753268
82756648
82758062
82759489
82762009
82763595
82770012
82770988
82774534
82775209
82780274
82783293
82789538
82791607
82794145
82795288
82796425
82799164
82804471
82809602
82810753
82812152
82815582
82819430
82824533
82827914
82828673
82837863
82843907
82852628
82852914
82855471
82857649
82864200
82869645
82876008
82877952
82881210
82882409
82884831
82893124
82894459
82898845
82906644
82909592
82920377
82921848
82923244
82927903
82929772
82934420
82937568
82950886
82951468
82952227
82954479
82955110
82958040
82959778
82960668
82968412
82975887
82986641
82998140
83003777
83017683
83022267
83026452
83029050
83030665
83039618
83042997
83045613
83047897
83058052
83060673
83067017
83069106
83070169
83070740
83073001
83077115
83083244
83087575
83087942
83091056
83091836
83093579
83097382
83103410
83114843
83116860
83118644
83126655
83129251
83130281
83136825
83138719
83140126
83151121
83157430
83158830
83161972
83164200
83166613
83170885
83171567
83174264
83176601
83186083
83189540
83206360
83207461
83209745
83211050
83211663
83216165
83219217
83225417
83227190
83228257
83231986
83234875
83237681
83241650
83244549
83246071
83254265
83256731
83263688
83266082
83273219
83274691
83279029
83283589
83287883
83289222
83290628
83291688
83294568
83306686
83307378
83308300
83310921
83316171
83320945
83329356
83332223
83334894
83341248
83344472
83345352
83349619
83365988
83368460
83369820
83370713
83379214
83383977
83386497
83395525
83397955
83402475
83403355
83404481
83411153
83414469
83418405
83436842
83439222
83451767
83453608
83454497
83455662
83456495
83459869
83460892
83463000
83465249
83469227
83472895
83476199
83478680
83482522
83486985
83490378
83493139
83495907
83499365
83502462
83505719
83507989
83518335
83519555
83525207
83529873
83531228
83533254
83536074
83536408
83539792
83543680
83545507
83546170
83552738
83555247
83559892
83560684
83564249
83570366
83570849
83582348
83587679
83589417
83590304
83597653
83600745
83602486
83603655
83609159
83613650
83625229
83627684
83637160
83641180
83647780
83648439
83651606
83657768
83659020
83663428
83665092
83665754
83668104
83673944
83676163
83687583
83688357
83691892
83693041
83697250
83700371
83701646
83703233
83710005
83723939
83724846
83729690
83732327
83733438
83739000
83740409
83746549
83747834
83753350
83755826
83767735
83770660
83772051
83774516
83776941
83780988
83785677
83787746
83788579
83789588
83804112
83806472
83812167
83814904
83818986
83828606
83829824
83833762
83834569
83839584
83842854
83845462
83847625
83849152
83850838
83854003
83855151
83856311
83862621
83864384
83865478
83867755
83868306
83873287
83876172
83882898
83886491
83892705
83900093
83902177
83910287
83917848
83918865
83932233
83935092
83942794
83949299
83952968
83954679
83970014
83971351
83971810
83973337
83976436
83978303
83980957
83995475
83999945
84002942
84004288
84013482
84021481
84022121
84024686
84033190
84034766
84036170
84040781
84049286
84050411
84052837
84056733
84058493
84061926
84063982
84069671
84072847
84081487
84082318
84087357
84089142
84094073
84096129
84099947
84102662
84103547
84108786
84110224
84117629
84123784
84130350
84133708
84136237
84142326
84143120
84147870
84150624
84154629
84162625
84169349
84174514
84176169
84176737
84179293
84182614
84183901
84187221
84189858
84192413
84193824
84197773
84200070
84202405
84210920
84213633
84216867
84218523
84222443
84225644
84226830
84227794
84228688
84231253
84232057
84234829
84241704
84242318
84243930
84244994
84252879
84256496
84259655
84265917
84267196
84273825
84276573
84277206
84280534
84284916
84291052
84292519
84305537
84306879
84309430
84311303
84314311
84316906
84320962
84321939
84330377
84332974
84334914
84336037
84355273
84364186
84367122
84370820
84372731
84373543
84381348
84385329
84387269
84389551
84395158
84398143
84399903
84402743
84404145
84409023
84413694
84416816
84418129
84421900
84424662
84426373
84433918
84437454
84447217
84448667
84450294
84453563
84460516
84461826
84462745
84467637
84469847
84471835
84477927
84484981
84486714
84488803
84492655
84494998
84497748
84499400
84506223
84506781
84509537
84513461
84514076
84515017
84516263
84517752
84519983
84530836
84533124
84534002
84534656
84540653
84541415
84543752
84544632
84546047
84548024
84551396
84557245
84563064
84570162
84579355
84584065
84587247
84588649
84590644
84595818
84598532
84602599
84608056
84614259
84629519
84631307
84636457
84644890
84646301
84649440
84652760
84653742
84661655
84666364
84667962
84671239
84674524
84675880
84685165
84686143
84688749
84692334
84705818
84708887
84709909
84713673
84715593
84716945
84724066
84725972
84729645
84734029
84734908
84740363
84748380
84759939
84763295
84766550
84782076
84785690
84793016
84801858
84803131
84805559
84806534
84817846
84818772
84819937
84823734
84831534
84836643
84842730
84843589
84856876
84861475
84870883
84876288
84877777
84882987
84884517
84888115
84889722
84895423
84909348
84913697
84915500
84917551
84925614
84926589
84933556
84935006
84936782
84939220
84941518
84941709
84956455
84972984
84985960
84987047
84988721
84991076
85000343
85004061
85005113
85012042
85018794
85024061
85030820
85031646
85033741
85037213
85037559
85039565
85042428
85048230
85049991
85058089
85060616
85062953
85063961
85064825
85068164
85073497
85074000
85076242
85083380
85084067
85098513
85101029
85104811
85106215
85113997
85115832
85117312
85120490
85121248
85122332
85125240
85130289
85133572
85136077
85140481
85141986
85145542
85151963
85153605
85155767
85157502
85160096
85169472
85177088
85180875
85196758
85213374
85214995
85223358
85230674
85238827
85246499
85250077
85251774
85252924
85256036
85260326
85261721
85265098
85268020
85269654
85271096
85272493
85275472
85278869
85279249
85280625
85283481
85287527
85289881
85301600
85305687
85316945
85318615
85323621
85333418
85334086
85335034
85336305
85338636
85344207
85345653
85348272
85356485
85357675
85358604
85359557
85361044
85361971
85365885
85368028
85376885
85381603
85384895
85386205
85391245
85397116
85400543
85402833
85404766
85405763
85406909
85409361
85411074
85420843
85426528
85427744
85429761
85430804
85433367
85438665
85440361
85442518
85456943
85459209
85463498
85464979
85466583
85481445
85483189
85486698
85488086
85492338
85497637